3
10.00
20.00
30.00
4
15.00
15.01
3.00
3.01
1
0.00
2
0.00
0.00
2
0.01
0.02
1
10000.00
2
0.00
10000.00
2
0.01
10000.00
2
0.01
9999.00
5
11.98
10.89
9.32
8.23
3.77
1000
10000.00
10000.00
10000.00
10000.00
10000.00
10000.00
10000.00
10000.00
10000.00
10000.00
10000.00
10000.00
10000.00
10000.00
10000.00
10000.00
10000.00
0.00
10000.00
10000.00
10000.00
10000.00
10000.00
10000.00
10000.00
10000.00
10000.00
10000.00
10000.00
10000.00
10000.00
10000.00
10000.00
10000.00
10000.00
10000.00
10000.00
10000.00
10000.00
10000.00
10000.00
10000.00
10000.00
10000.00
10000.00
10000.00
10000.00
0.01
10000.00
10000.00
10000.00
10000.00
10000.00
10000.00
10000.00
10000.00
10000.00
10000.00
10000.00
10000.00
10000.00
10000.00
10000.00
10000.00
10000.00
10000.00
10000.00
10000.00
10000.00
10000.00
10000.00
10000.00
10000.00
10000.00
10000.00
10000.00
10000.00
10000.00
10000.00
10000.00
10000.00
10000.00
10000.00
10000.00
10000.00
10000.00
10000.00
10000.00
10000.00
10000.00
10000.00
10000.00
10000.00
10000.00
10000.00
10000.00
10000.00
10000.00
10000.00
10000.00
10000.00
10000.00
10000.00
10000.00
10000.00
10000.00
10000.00
10000.00
10000.00
10000.00
10000.00
10000.00
10000.00
10000.00
10000.00
10000.00
10000.00
10000.00
10000.00
10000.00
10000.00
10000.00
10000.00
10000.00
10000.00
10000.00
10000.00
10000.00
10000.00
10000.00
10000.00
10000.00
10000.00
10000.00
10000.00
10000.00
10000.00
10000.00
10000.00
10000.00
10000.00
10000.00
10000.00
10000.00
10000.00
10000.00
10000.00
10000.00
10000.00
10000.00
10000.00
10000.00
10000.00
10000.00
10000.00
10000.00
10000.00
10000.00
10000.00
10000.00
10000.00
10000.00
10000.00
10000.00
10000.00
10000.00
10000.00
10000.00
10000.00
10000.00
10000.00
10000.00
10000.00
10000.00
10000.00
10000.00
10000.00
10000.00
10000.00
10000.00
10000.00
10000.00
10000.00
10000.00
10000.00
10000.00
10000.00
10000.00
10000.00
10000.00
10000.00
10000.00
10000.00
10000.00
10000.00
10000.00
10000.00
10000.00
10000.00
10000.00
10000.00
10000.00
10000.00
10000.00
10000.00
10000.00
10000.00
10000.00
10000.00
10000.00
10000.00
10000.00
10000.00
10000.00
10000.00
10000.00
10000.00
10000.00
10000.00
10000.00
10000.00
10000.00
10000.00
10000.00
10000.00
10000.00
10000.00
10000.00
10000.00
10000.00
10000.00
10000.00
10000.00
10000.00
10000.00
10000.00
10000.00
10000.00
10000.00
10000.00
10000.00
10000.00
10000.00
10000.00
10000.00
10000.00
10000.00
10000.00
10000.00
10000.00
10000.00
10000.00
10000.00
10000.00
10000.00
10000.00
10000.00
10000.00
10000.00
10000.00
10000.00
10000.00
10000.00
10000.00
10000.00
10000.00
10000.00
10000.00
10000.00
10000.00
10000.00
10000.00
10000.00
10000.00
10000.00
10000.00
10000.00
10000.00
10000.00
10000.00
10000.00
10000.00
10000.00
10000.00
10000.00
10000.00
10000.00
10000.00
10000.00
10000.00
10000.00
10000.00
10000.00
10000.00
10000.00
10000.00
10000.00
10000.00
10000.00
10000.00
10000.00
10000.00
10000.00
10000.00
10000.00
10000.00
10000.00
10000.00
10000.00
10000.00
10000.00
10000.00
10000.00
10000.00
10000.00
10000.00
10000.00
10000.00
10000.00
10000.00
10000.00
10000.00
10000.00
10000.00
10000.00
10000.00
10000.00
10000.00
10000.00
10000.00
10000.00
10000.00
10000.00
10000.00
10000.00
10000.00
10000.00
10000.00
10000.00
10000.00
10000.00
10000.00
10000.00
10000.00
10000.00
10000.00
10000.00
10000.00
10000.00
10000.00
10000.00
10000.00
10000.00
10000.00
10000.00
10000.00
10000.00
10000.00
10000.00
10000.00
10000.00
10000.00
10000.00
10000.00
10000.00
10000.00
10000.00
10000.00
10000.00
10000.00
10000.00
10000.00
10000.00
10000.00
10000.00
10000.00
10000.00
10000.00
10000.00
10000.00
10000.00
10000.00
10000.00
10000.00
10000.00
10000.00
10000.00
10000.00
10000.00
10000.00
10000.00
10000.00
10000.00
10000.00
10000.00
10000.00
10000.00
10000.00
10000.00
10000.00
10000.00
10000.00
10000.00
10000.00
10000.00
10000.00
10000.00
10000.00
10000.00
10000.00
10000.00
10000.00
10000.00
10000.00
10000.00
10000.00
10000.00
10000.00
10000.00
10000.00
10000.00
10000.00
10000.00
10000.00
10000.00
10000.00
10000.00
10000.00
10000.00
10000.00
10000.00
10000.00
10000.00
10000.00
10000.00
10000.00
10000.00
10000.00
10000.00
10000.00
10000.00
10000.00
10000.00
10000.00
10000.00
10000.00
10000.00
10000.00
10000.00
10000.00
10000.00
10000.00
10000.00
10000.00
10000.00
10000.00
10000.00
10000.00
10000.00
10000.00
10000.00
10000.00
10000.00
10000.00
10000.00
10000.00
10000.00
10000.00
10000.00
10000.00
10000.00
10000.00
10000.00
10000.00
10000.00
10000.00
10000.00
10000.00
10000.00
10000.00
10000.00
10000.00
10000.00
10000.00
10000.00
10000.00
10000.00
10000.00
10000.00
10000.00
10000.00
10000.00
10000.00
10000.00
10000.00
10000.00
10000.00
10000.00
10000.00
10000.00
10000.00
10000.00
10000.00
10000.00
10000.00
10000.00
10000.00
10000.00
10000.00
10000.00
10000.00
10000.00
10000.00
10000.00
10000.00
10000.00
10000.00
10000.00
10000.00
10000.00
10000.00
10000.00
10000.00
10000.00
10000.00
10000.00
10000.00
10000.00
10000.00
10000.00
10000.00
10000.00
10000.00
10000.00
10000.00
10000.00
10000.00
10000.00
10000.00
10000.00
10000.00
10000.00
10000.00
10000.00
10000.00
10000.00
10000.00
10000.00
10000.00
10000.00
10000.00
10000.00
10000.00
10000.00
10000.00
10000.00
10000.00
10000.00
10000.00
10000.00
10000.00
10000.00
10000.00
10000.00
10000.00
10000.00
10000.00
10000.00
10000.00
10000.00
10000.00
10000.00
10000.00
10000.00
10000.00
10000.00
10000.00
10000.00
10000.00
10000.00
10000.00
10000.00
10000.00
10000.00
10000.00
10000.00
10000.00
10000.00
10000.00
10000.00
10000.00
10000.00
10000.00
10000.00
10000.00
10000.00
10000.00
10000.00
10000.00
10000.00
10000.00
10000.00
10000.00
10000.00
10000.00
10000.00
10000.00
10000.00
10000.00
10000.00
10000.00
10000.00
10000.00
10000.00
10000.00
10000.00
10000.00
10000.00
10000.00
10000.00
10000.00
10000.00
10000.00
10000.00
10000.00
10000.00
10000.00
10000.00
10000.00
10000.00
10000.00
10000.00
10000.00
10000.00
10000.00
10000.00
10000.00
10000.00
10000.00
10000.00
10000.00
10000.00
10000.00
10000.00
10000.00
10000.00
10000.00
10000.00
10000.00
10000.00
10000.00
10000.00
10000.00
10000.00
10000.00
10000.00
10000.00
10000.00
10000.00
10000.00
10000.00
10000.00
10000.00
10000.00
10000.00
10000.00
10000.00
10000.00
10000.00
10000.00
10000.00
10000.00
10000.00
10000.00
10000.00
10000.00
10000.00
10000.00
10000.00
10000.00
10000.00
10000.00
10000.00
10000.00
10000.00
10000.00
10000.00
10000.00
10000.00
10000.00
10000.00
10000.00
10000.00
10000.00
10000.00
10000.00
10000.00
10000.00
10000.00
10000.00
10000.00
10000.00
10000.00
10000.00
10000.00
10000.00
10000.00
10000.00
10000.00
10000.00
10000.00
10000.00
10000.00
10000.00
10000.00
10000.00
10000.00
10000.00
10000.00
10000.00
10000.00
10000.00
10000.00
10000.00
10000.00
10000.00
10000.00
10000.00
10000.00
10000.00
10000.00
10000.00
10000.00
10000.00
10000.00
10000.00
10000.00
10000.00
10000.00
10000.00
10000.00
10000.00
10000.00
10000.00
10000.00
10000.00
10000.00
10000.00
10000.00
10000.00
10000.00
10000.00
10000.00
10000.00
10000.00
10000.00
10000.00
10000.00
10000.00
10000.00
10000.00
10000.00
10000.00
10000.00
10000.00
10000.00
10000.00
10000.00
10000.00
10000.00
10000.00
10000.00
10000.00
10000.00
10000.00
10000.00
10000.00
10000.00
10000.00
10000.00
10000.00
10000.00
10000.00
10000.00
10000.00
10000.00
10000.00
10000.00
10000.00
10000.00
10000.00
10000.00
10000.00
10000.00
10000.00
10000.00
10000.00
10000.00
10000.00
10000.00
10000.00
10000.00
10000.00
10000.00
10000.00
10000.00
10000.00
10000.00
10000.00
10000.00
10000.00
10000.00
10000.00
10000.00
10000.00
10000.00
10000.00
10000.00
10000.00
10000.00
10000.00
10000.00
10000.00
10000.00
10000.00
10000.00
10000.00
10000.00
10000.00
10000.00
10000.00
10000.00
10000.00
10000.00
10000.00
10000.00
10000.00
10000.00
10000.00
10000.00
10000.00
10000.00
10000.00
10000.00
10000.00
10000.00
10000.00
10000.00
10000.00
10000.00
10000.00
10000.00
10000.00
10000.00
10000.00
10000.00
10000.00
10000.00
10000.00
10000.00
10000.00
10000.00
10000.00
10000.00
10000.00
10000.00
10000.00
10000.00
10000.00
10000.00
10000.00
10000.00
10000.00
10000.00
10000.00
10000.00
10000.00
10000.00
10000.00
10000.00
10000.00
10000.00
10000.00
10000.00
10000.00
10000.00
10000.00
10000.00
10000.00
10000.00
10000.00
10000.00
10000.00
10000.00
10000.00
10000.00
10000.00
10000.00
10000.00
10000.00
10000.00
10000.00
10000.00
10000.00
10000.00
10000.00
10000.00
10000.00
10000.00
10000.00
10000.00
10000.00
10000.00
10000.00
10000.00
10000.00
10000.00
10000.00
10000.00
10000.00
10000.00
10000.00
10000.00
10000.00
10000.00
10000.00
10000.00
10000.00
10000.00
10000.00
10000.00
10000.00
10000.00
10000.00
10000.00
10000.00
10000.00
10000.00
10000.00
10000.00
10000.00
10000.00
10000.00
10000.00
10000.00
10000.00
10000.00
10000.00
10000.00
10000.00
10000.00
10000.00
10000.00
10000.00
10000.00
10000.00
10000.00
10000.00
10000.00
10000.00
10000.00
10000.00
10000.00
10000.00
10000.00
10000.00
10000.00
10000.00
10000.00
10000.00
10000.00
10000.00
10000.00
10000.00
10000.00
10000.00
10000.00
10000.00
10000.00
10000.00
10000.00
10000.00
10000.00
10000.00
10000.00
10000.00
10000.00
10000.00
10000.00
10000.00
10000.00
10000.00
10000.00
10000.00
10000.00
10000.00
10000.00
10000.00
10000.00
10000.00
5
10000.00
0.00
0.01
1.01
9999.99
0